Epoch 1 - Loss: 3.553568288268045 - Validation Accuracy: 0.8267505787037037
Epoch 2 - Loss: 1.6836779105975184 - Validation Accuracy: 0.9496527777777778
Epoch 3 - Loss: 0.7924447898254838 - Validation Accuracy: 0.9792390046296297
Epoch 4 - Loss: 0.3698685891363163 - Validation Accuracy: 0.9898003472222222
Epoch 5 - Loss: 0.17596470350318394 - Validation Accuracy: 0.9918981481481481
Model weights saved to /marbec-data/FishDeep/identif_v2/3_results/vit_model.pth
Test Accuracy: 0.8517169955303608
Test Classification Report:
              precision    recall  f1-score   support

           0       0.95      0.74      0.83        74
           1       0.99      0.99      0.99       597
           2       0.94      1.00      0.97       306
           3       0.99      1.00      1.00       694
           4       0.92      0.97      0.95       331
           5       0.01      0.03      0.02        32
           6       0.42      0.57      0.48       210
           7       0.99      0.99      0.99       586
           8       0.74      0.53      0.62       494
           9       0.25      0.06      0.10        31
          10       0.71      0.65      0.68       338
          11       0.00      0.00      0.00         1
          12       0.00      0.00      0.00        92
          13       0.89      1.00      0.94       170
          14       0.75      0.96      0.84       126
          15       0.80      0.41      0.55       300
          16       0.64      0.88      0.74       127
          17       0.68      0.51      0.58       251
          18       0.88      0.86      0.87       765
          19       0.97      1.00      0.98       200
          20       0.75      0.23      0.35       358
          21       0.90      1.00      0.95       915
          22       0.00      0.00      0.00         1
          23       1.00      0.79      0.88        72
          24       0.69      0.40      0.51        62
          25       0.87      0.71      0.78        82
          26       0.84      0.82      0.83       476
          27       0.99      1.00      0.99       774
          28       1.00      0.89      0.94       112
          29       1.00      0.99      0.99       392
          30       0.81      0.99      0.89       728
          31       0.99      0.96      0.97        69
          32       1.00      1.00      1.00        66
          33       1.00      1.00      1.00       240
          34       0.98      0.99      0.99      1435
          35       0.00      0.00      0.00        15
          36       1.00      1.00      1.00      1102
          37       0.94      0.79      0.85       340
          38       0.71      0.66      0.69       151
          39       0.69      0.76      0.72       317
          40       0.95      0.77      0.85        95
          41       0.11      0.89      0.19        19
          42       0.00      0.00      0.00       109
          43       0.09      0.31      0.14        68
          44       0.00      0.00      0.00        65
          45       0.64      0.63      0.63       159
          46       0.55      0.38      0.45       172
          47       0.93      0.81      0.87       796
          48       0.60      0.96      0.74       424
          49       0.72      0.84      0.77      1367
          50       0.52      0.31      0.38       424
          51       0.52      0.64      0.58       340
          52       0.00      0.00      0.00       275
          53       0.00      0.00      0.00         1
          54       0.00      0.00      0.00        47
          55       0.00      0.00      0.00         1
          56       1.00      0.04      0.08        72
          57       1.00      0.97      0.99       153
          58       0.90      0.96      0.93       211
          59       0.91      0.97      0.94       806
          60       0.68      0.26      0.38        57
          61       0.92      0.97      0.95       883
          62       0.91      0.96      0.94       276
          63       0.50      1.00      0.67         2
          64       0.58      0.94      0.72        72
          65       0.90      1.00      0.95      1308
          66       0.70      0.93      0.79       121
          67       0.33      1.00      0.50        25
          68       0.98      0.99      0.98       535
          69       0.00      0.00      0.00         1
          70       1.00      0.99      0.99       216
          71       0.99      1.00      0.99       283
          72       0.99      1.00      0.99        94
          73       0.08      0.80      0.15        44
          74       0.79      0.56      0.65       187
          75       0.00      0.00      0.00         1
          76       0.83      0.93      0.88        42
          77       0.87      0.83      0.85       153
          78       0.89      0.96      0.93       856
          79       0.00      0.00      0.00         1
          80       0.20      0.08      0.12       154
          81       0.80      0.94      0.86       678
          82       0.00      0.00      0.00         1
          83       0.97      0.99      0.98       195
          84       1.00      0.81      0.89       188
          85       0.96      0.64      0.77       122
          86       1.00      0.95      0.97       243
          87       0.97      0.90      0.94       121
          88       0.48      0.30      0.37       343
          89       0.80      0.91      0.85      1049
          90       0.67      0.13      0.22        89
          91       0.00      0.00      0.00         1
          92       0.00      0.00      0.00        39
          93       0.67      0.65      0.66       292
          94       0.00      0.00      0.00         1
          95       0.96      0.99      0.97      2324
          96       0.81      0.74      0.78       298
          97       0.00      0.00      0.00        18
          98       0.88      0.99      0.93       463
          99       0.98      0.54      0.70       305
         100       0.29      0.12      0.17       230
         101       0.00      0.00      0.00        26
         102       0.81      0.91      0.86       502
         103       0.98      0.58      0.73        71
         104       1.00      0.51      0.67       144
         105       0.96      0.22      0.36       225
         106       0.77      0.71      0.74       263
         107       0.71      0.63      0.67       329
         108       0.89      0.88      0.89       936
         109       0.00      0.00      0.00        13
         110       0.99      0.99      0.99       265
         111       0.46      0.78      0.58        41
         112       0.98      0.98      0.98       443
         113       0.87      0.96      0.91       389
         114       0.87      0.98      0.92       166
         115       0.86      0.97      0.91        31
         116       0.90      0.97      0.93       536
         117       0.00      0.00      0.00         1
         118       0.96      0.97      0.97      1395
         119       0.00      0.00      0.00        80
         120       0.74      0.81      0.77       176
         121       0.95      0.91      0.93       173
         122       0.00      0.00      0.00         1
         123       0.00      0.00      0.00         1
         124       0.35      0.75      0.48        64
         125       0.99      1.00      1.00       764
         126       0.99      0.99      0.99       756
         127       0.92      0.71      0.80       244
         128       0.98      0.97      0.98       112
         129       0.91      0.31      0.47        32
         130       0.64      0.52      0.58        86
         131       0.29      0.27      0.28        70
         132       0.00      0.00      0.00         1
         133       0.00      0.00      0.00        44
         134       0.81      0.57      0.67       243
         135       0.67      1.00      0.80       105
         136       0.07      0.05      0.05        88
         137       0.38      0.14      0.21        35
         138       1.00      0.64      0.78        47
         139       0.63      0.39      0.48        85
         140       0.81      0.32      0.46        81
         141       0.00      0.00      0.00        88
         142       0.60      0.57      0.58       141
         143       1.00      1.00      1.00      1610
         144       0.91      0.97      0.94       386
         145       0.66      0.56      0.61       276
         146       0.98      0.94      0.96       157
         147       0.99      1.00      0.99      1179
         148       0.67      0.30      0.42        33
         149       0.88      0.98      0.93      1576
         150       0.00      0.00      0.00         1
         151       0.00      0.00      0.00         1
         152       0.00      0.00      0.00         1
         153       0.00      0.00      0.00         1
         154       0.00      0.00      0.00         1
         155       0.00      0.00      0.00         1
         156       0.00      0.00      0.00         1
         157       0.00      0.00      0.00         1

    accuracy                           0.85     45865
   macro avg       0.61      0.58      0.57     45865
weighted avg       0.85      0.85      0.84     45865
